3 472,434
3 401,495
3 114,036
3 442,562
1 113,215
3 179,476
2 582,203
1 396,708
3 625,814
3 357,315
3 120,543
2 575,846
4 088,121
2 567,034
3 130,757
3 053,106
3 414,378
1 502,728
2 594,693
3 980,673
4 695,721
4 640,877
2 050,411
1 217,291
3 359,201
2 048,851
3 086,815
2 048,904
1 111,032
4 037,321
2 063,359
2 359,206
3 802,467
3 500,963
3 028,589
4 009,337
2 938,188
3 674,247
3 280,821
3 792,178
3 289,462
1 635,908
3 432,916
4 249,285
2 996,415
3 032,241
4 049,468
2 400,273
3 066,044
3 824,545
2 834,4
3 145,393
2 476,399
2 366,721
2 419,486
3 516,868
3 308,945
2 272,245
2 914,666
2 620,657
3 897,151
3 281,584
3 506,932
2 871,92
3 909,514
2 511,314
2 448,151
3 488,644
3 151,74
1 875,995
3 552,757
2 665,473
3 103,535
2 336,079
3 477,221
1 233,615
4 110,255
2 584,933
3 393,914
4 112,283
2 646,59
2 225,716
2 907,354
2 687,863
3 526,019
3 000,439
3 451,241
3 259,399
3 311,604
2 804,616
1 234,635
1 854,619
4 274,601
3 321,024
1 919,217
3 076,398
3 732,386
4 373,6
2 968,015
2 893,846
2 393,769
1 676,506
2 129,364
3 344,038
3 703,225
3 295,947
2 497,386
2 423,078
2 906,687
5 215,405
2 486,323
3 503,146
3 674,341
3 732,153
3 638,112
2 685,352
3 821,996
3 660,611
3 923,451
3 286,815
1 846,923
3 676,397
3 287,592
1 852,979
2 845,14
1 910,603
3 507,532
2 831,453
3 030,631
1 915,868
3 724,738
2 112,46
2 734,392
3 359,918
3 420,395
3 915,39
3 072,063
2 566,614
2 141,841
2 820,293
1 636,114
3 357,218
3 354,534
3 222,518
2 111,38
3 730,486
3 300,907
2 881,587
2 431,594
2 756,244
3 942,9
3 192,694
1 260,724
3 328,511
2 272,594
2 237,26
3 497,259
3 291,504
3 120,086
3 034,446
3 986,204
2 571,009
2 329,565
3 979,062
2 648,348
1 609,58
4 155,585
3 236,275
2 777,544
2 329,887
3 902,362
4 925,902
3 092,865
3 934,93
3 863,306
1 458,017
2 937,044
3 816,874
2 218,08
4 131,095
4 415,93
3 106,786
1 538,947
3 880,646
3 691,491
3 269,349
2 674,132
2 685,317
2 394,346
2 219,872
4 029,784
3 878,66
1 628,278
3 830,639
4 772,324
2 178,809
3 355,695
1 927,02
3 394,07
3 252,096
2 752,608
2 653,399
4 445,018
3 001,841
2 911,875
3 536,042
5 001,144
2 897,996
3 309,509
3 008,401
4 304,406
2 199,86
2 255,144
2 548,292
3 478,147
4 177,557
3 270,839
3 601,388
2 190,978
2 432,514
3 006,829
4 170,197
2 594,796
3 134,409
3 040,268
1 564,794
3 413,516
2 299,588
3 661,772
3 685,992
2 971,524
3 346,357
3 939,814
2 845,728
3 306,665
2 592,646
4 100,811
1 749,864
4 295,452
3 154,917
3 193,363
2 172,291
2 846,422
2 463,375
2 391,078
2 734,47
4 311,696
3 827,092
3 473,535
3 144,031
3 336,026
4 283,057
3 800,206
3 105,791
3 836,481
2 159,208
3 801,609
3 327,084
2 211,164
2 455,907
3 986,489
4 028,152
2 306,797
3 145,713
2 793,48
1 947,731
4 165,731
2 695,523
2 912,848
3 392,234
3 466,705
3 537,719
1 604,491
2 882,573
2 806,684
3 343,391
4 780,974
2 244,214
3 336,489
3 367,396
2 055,894
2 125,397
1 881,723
3 542,76
3 522,451
2 317,704
3 701,109
3 703,5
3 704,188
2 988,911
2 162,356
2 373,57
1 590,599
1 691,751
3 039,325
1 965,074
1 994,627
2 690,316
3 579,125
2 006,751
2 560,645
3 431,13
2 399,453
3 894,247
3 032,172
1 706,861
1 911,085
2 964,284
3 512,632
3 382,739
3 278,748
3 494,123
2 701,992
2 880,454
3 715,127
2 315,904
3 058,157
2 302,129
2 713,035
2 490,164
2 317,377
1 836,665
3 789,089
2 232,409
4 203,991
3 469,414
3 294,501
3 019,365
4 743,632
3 248,663
1 781,084
1 902,113
2 809,04
3 121,292
2 879,273
2 448,231
2 680,53
3 492,059
3 463,288
3 497,773
2 086,922
3 243,653
2 396,822
2 231,353
2 667,086
4 015,265
3 579,893
2 586,677
3 843,577
2 228,046
3 535,773
2 642,72
1 215,333
2 806,079
3 341,821
3 315,546
3 734,918
2 842,27
2 631,866
3 841,026
4 308,886
2 379,277
2 398,262
1 827,645
3 773,691
2 826,048
2 887,104
2 513,643
1 651,235
3 439,715
3 030,668
1 848,459
2 375,999
3 061,511
2 585,999
3 189,623
3 304,889
2 697,388
3 191,008
1 935,793
3 350,43
2 735,909
3 581,374
3 581,114
2 669,469
3 119,68
3 017,384
2 250,058
2 972,181
3 239,02
4 030,269
3 265,211
2 823,468
2 021,124
2 852,927
4 347,791
3 264,234
2 476,841
2 967,674
2 983,988
3 111,547
1 200,731
2 928,223
3 481,127
1 450,394
2 992,755
2 887,403
3 684,698
3 436,292
3 974,701
3 273,595
2 427,874
2 276,408
4 153,516
5 170,519
2 901,63
3 332,219
2 671,933
2 188,394
3 888,07
3 199,778
2 751,407
2 295,345
3 838,178
3 494,184
2 184,099
3 457,229
2 479,208
4 544,229
2 709,338
2 489,539
2 533,657
2 959,533
3 673,697
2 591,458
3 663,126
3 236,986
2 935,218
2 262,74
2 693,068
3 081,952
2 940,617
3 257,304
3 689,515
4 361,898
2 698,791
2 092,583
2 923,682
2 932,974
4 516,219
3 145,615
1 589,829
2 152,632
2 899,57
2 970,958
3 618,217
4 741,395
3 691,639
1 898,958
3 551,723
2 808,348
2 991,22
3 531,215
1 997,341
3 474,168
2 391,315
3 633,409
1 870,554
3 967,559
2 787,572
1 989,574
3 302,507
3 498,73
2 095,365
2 669,971
2 922,097
3 132,849
2 016,447
3 026,009
2 948,399
2 989,774
3 499,949
3 030,084
4 036,504
3 136,631
3 710,366
3 868,264
1 481,623
3 835,812
3 138,198
1 862,134
4 418,44
1 939,997
1 915,703
2 324,701
4 236,522
4 251,491
2 864,757
3 316,502
3 331,999
3 067,065
3 101,587
2 937,951
3 167,339
3 010,216
3 360,471
1 931,222
4 546,928
1 942,314
3 483,785
2 921,722
1 906,313
2 259,787
3 031,783
3 762,029
3 261,975
2 388,892
2 294,073
3 830,479
1 561,662
2 831,897
2 296,524
1 999,239
2 714,256
2 900,141
2 905,485
3 199,223
2 930,996
1 789,668
3 235,158
3 648,007
2 347,137
1 352,371
1 490,482
4 183,99
2 298,249
2 892,899
3 049,239
2 620,455
4 244,887
3 605,573
4 731,071
3 441,188
2 450,495
3 106,664
943,055
3 856,622
2 971,758
2 900,644
2 662,146
4 314,075
4 168,051
3 271,173
2 028,964
2 496,379
2 162,526
2 848,322
2 387,821
3 532,361
3 531,832
3 598,936
2 150,486
2 773,33
2 909,177
1 963,021
2 392,088
1 796,037
3 403,806
2 743,791
4 119,221
3 072,724
3 151,249
2 279,207
2 834,357
2 716,678
4 353,316
3 238,062
3 301,804
3 511,205
2 575,466
3 680,023
4 006,949
2 815,767
3 100,607
2 520,202
3 633,379
3 227,727
2 662,085
3 869,832
4 072,814
3 926,261
3 193,646
2 506,629
1 848,694
3 573,701
2 815,157
3 166,499
1 247,27
3 201,886
3 905,323
3 993,608
2 249,566
2 793,596
3 311,042
2 975,648
663,4
2 603,267
3 273,052
4 142,417
2 961,521
3 464,437
2 096,156
2 054,77
3 314,318
2 624,528
2 964,176
3 188,894
2 338,239
3 387,816
1 409,644
4 190,855
2 865,607
4 206,904
2 980,31
4 576,027
3 091,699
1 142,356
3 369,163
3 956,024
2 581,135
2 538,897
2 942,606
3 661,833
3 994,691
3 083,962
1 571,778
4 246,152
2 294,027
2 982,519
4 280,157
3 786,575
3 048,031
2 588,398
3 367,922
2 612,583
4 107,666
2 308,03
3 989,573
2 605,962
2 768,342
3 177,639
3 457,795
3 023,602
2 666,837
3 484,854
4 179,113
3 035,57
3 034,95
3 618,396
1 687,184
2 213,875
2 101,896
3 538,432
2 846,732
3 245,761
1 812,555
2 028,073
1 949,145
2 236,752
3 699,903
2 391,869
2 337,73
2 737,635
3 401,178
1 885,036
3 060,013
3 133,202
3 400,706
4 459,365
2 259,964
3 324,943
2 935,914
3 609,944
2 720,476
3 715,224
3 390,058
3 882,108
1 704
2 425,044
3 373,25
3 458,894
3 497,028
3 265,258
1 559,705
3 284,664
2 474,551
2 088,752
3 363,686
3 242,182
3 567,771
2 351,397
3 977,595
3 202,884
2 936,058
2 402,765
4 681,483
3 357,189
3 316,326
3 532,967
1 745,085
4 188,158
2 756,621
1 918,179
3 627,997
1 699,924
3 310,485
2 001,624
4 048,153
2 319,316
4 261,52
2 262,581
2 497,378
3 345,009
2 301,86
3 819,252
1 972,583
4 245,746
3 361,838
3 557,071
3 633,693
3 507,757
2 963,966
4 143,162
4 010,773
3 904,034
2 664,193
2 857,17
2 299,808
1 804,251
2 835,739
1 675,135
1 155,106
3 458,148
3 931,986
1 763,054
2 844,751
3 580,509
3 561,277
3 188,874
3 680,852
2 676,381
3 110,719
3 917,576
3 152,116
2 160,11
2 758,229
2 074,037
2 384,08
2 267,799
2 477,807
2 713,936
4 479,733
1 995,36
3 655,067
3 305,164
2 859,621
2 249,518
2 317,46
3 151,918
1 938,792
2 480,475
3 162,209
1 947,361
2 866,144
2 649,037
2 224,054
3 554,958
4 243,069
2 780,693
3 871,513
3 084,273
3 237,097
4 663,164
2 352,432
4 786,532
1 702,039
3 488,842
3 335,209
2 260,759
2 577,396
3 286,876
2 777,524
2 985,806
3 276,328
3 122,715
3 073,353
1 039,353
3 329,012
3 438,308
866,006
3 138,917
2 927,217
3 352,166
2 870,73
2 355,437
3 480,14
3 124,025
3 157,277
3 113,438
4 668,541
2 580,603
2 446,378
4 170,817
2 628,217
3 888,498
1 133,739
3 385,506
3 555,119
3 164,911
1 378,916
2 256,712
3 157,858
3 080,876
3 866,521
3 507,333
2 380,801
3 760,352
3 577,48
2 579,267
2 526,541
3 962,852
3 475,038
2 542,386
2 057,837
2 450,06
2 572,668
3 374,99
3 103,828
3 957,158
2 375,173
2 609,17
3 601,428
3 373,45
2 584,177
3 142,132
2 033,815
2 555,997
2 184,547
2 072,759
3 123,011
3 209,453
2 796,329
2 773,345
2 739,641
3 562,188
3 490,883
4 380,946
3 028,931
3 019,915
2 834,202
2 591,177
2 653,148
1 943,333
2 249,985
4 191,514
2 694,909
2 455,903
2 648,471
3 189,489
2 827,777
4 261,017
2 445,578
2 971,237
3 316,825
3 140,846
3 766,054
3 830,052
3 339,861
4 110,272
3 100,091
2 019,856
2 341,962
3 767,119
2 622,447
2 769,984
2 018,942
5 117,228
3 008,031
2 193,387
3 657,774
2 515,377
3 820,597
3 168,828
2 488,574
2 406,401
2 954,798
3 371,913
3 802,495
1 938,128
3 125,657
2 226,579
1 824,156
2 797,254
4 108,055
1 185,984
3 558,351
2 417,169
2 690,098
2 872,969
2 421,165
3 088,676
2 793,078
2 028,098
2 365,242
4 876,281
2 272,474
4 055,753
1 464,999
2 984,694
2 506,758
2 722,831
2 852,262
2 942,63
1 783,188
1 634,754
3 864,785
3 409,142
3 554,138
3 087,406
1 623,737
1 628,054
3 180,023
2 193,251
1 873,794
3 259,26
2 658,891
2 652,766
972,375
1 858,909
2 009,917
1 961,481
3 383,704
2 351,948
3 123,015
3 374,799
2 700,849
2 082,357
2 961,009
2 472,046
2 403,552
2 766,39
3 655,022
2 360,086
3 036,073
2 581,364
3 072,358
2 951,104
1 534,517
4 682,21
2 518,968
3 850,572
4 070,395
3 130,057
2 995,796
2 561,963
3 221,966
2 285,866
3 239,949
3 054,356
1 575,79
3 929,488
3 677,295
3 321,41
1 998,565
3 539,448
3 601,905
3 037,459
4 714,5
2 273,459
3 950,776
3 125,498
2 896,788
3 538,214
4 490,062
2 320,895
1 813,258
3 107,108
3 704,665
2 159,131
1 233,471
2 688,09
5 088,316
3 804,916
2 761,532
4 845,734
3 341,383
2 096,154
4 811,862
2 462,15
2 799,092
3 519,56
3 386,543
2 747,679
3 142,259
3 169,631
2 061,129
3 404,846
3 618,527
2 985,331
2 420,848
3 405,035
2 876,627
3 604,291
2 513,79
4 025,177
2 029,648
2 416,213
4 003,86
1 707,08
2 309,192
2 501,254
3 274,303
2 259,968
2 390,222
3 800,801
2 898,127
2 325,688
3 506,838
3 890,781
2 858,778
1 950,419
2 999,706
3 625,536
2 489,697
2 175,881
1 770,896
1 600,858
3 440,3
2 650,292
2 798,3
2 805,773
2 506,868
3 844,342
4 019,15
1 615,835
3 064,617
2 817,628
1 969,891
3 806,752
4 057,032
2 317,79
3 189,46
2 420,558
1 894,246
2 597,181
3 059,02
2 820,761
2 501,796
3 098,388
2 807,009
4 586,539
1 347,691
2 632,986
2 657,631
3 264,734
2 407,495
4 085,422
3 848,174
2 970,037
4 965,334
3 924,657
3 873,155
2 268,162
2 277,19
3 632,187
3 675,794
3 105,125
3 135,493
3 284,965
3 142,987
3 891,432
2 322,017
3 286,217
3 693,411
2 801,943
2 219,993
5 159,637
4 497,17
2 808,233
3 277,995
2 843,94
3 724,818
3 113,37
3 227,7
1 737,214
2 563,192
2 978,031
3 060,733
3 773,424
3 248,659
2 485,06
2 116,302
2 825,744
3 360,372
1 702,362
2 331,63
3 651,602
3 325,212
3 149,317
4 317,05
1 482,828
3 532,317
4 107,42
2 809,5
2 537,314
3 264,719
3 311,457
2 858,947
2 338,355
2 210,865
4 185,77
2 136,276
3 543,09
1 349,345
3 130,266
4 191,586
3 510,06
3 291,144
2 328,941
3 475,943
1 419,1
3 765,203
3 461,505
2 127,323
3 256,259
3 250,95
2 678,527
3 569,925
3 244,774
2 705,065
2 844,689
3 754,08
2 061,567
4 754,619
3 901,308
2 556,165
2 245,865
2 588,531
3 627,824
2 624,67
2 416,38
2 619,428
2 800,576
3 522,011
3 124,906
3 589,178
2 870,066
1 379,985
2 830,724
2 611,308
3 810,382
4 682,245
3 747,251
3 152,095
2 847,351
2 101,789
4 375,385
2 856,147
1 775,691
2 471,415
2 865,717
2 242,592
1 216,759
2 805,061
3 191,153
3 994,706
4 472,18
3 619,574
2 573,913
2 979,389
2 904,672
1 530,032
2 180,587
2 722,134
2 777,799
2 581,992
3 489,46
3 030,434
3 385,395
1 329,234
2 776,928
3 216,747
1 668,727
3 143,331
2 821,308
2 393,877
2 212,029
3 349,216
3 772,072
2 733,434
2 579,611
1 653,498
3 093,892
3 153,691
3 091,747
4 775,38
2 589,021
1 247,722
3 839,027
2 212,174
4 657,947
2 229,593
3 516,523
2 652,015
3 226,787
3 145,149
3 587,497
3 658,541
2 162,736
2 968,895
3 609,393
2 762,299
2 543,482
3 118,709
4 988,941
3 247,527
2 928,084
3 263,124
3 691,296
2 780,649
3 334,61
2 540,015
2 354,415
3 472,177
1 535,373
2 455,959
2 040,211
4 059,123
2 273,538
3 598,697
3 122,458
3 663,593
3 139,838
2 429,012
2 931,232
2 996,469
2 921,882
1 856,71
2 734,185
2 880,572
1 668,499
2 682,616
3 595,113
3 195,522
3 012,966
3 549,056
1 991,002
2 557,795
3 989,786
3 194,121
3 811,464
2 710,803
1 807,824
3 168,179
2 328,215
2 635,262
2 102,708
4 274,571
4 762,288
2 621,21
2 566,997
2 418,977
2 821,286
3 923,262
3 952,803
3 336,102
2 693,616
1 987,139
3 121,1
2 928,134
1 584,457
3 331,88
3 004,204
2 283,462
2 576,291
4 458,531
4 115,137
4 705,149
3 066,806
3 359,582
2 687,896
5 175,908
3 230,013
3 617,944
3 094,108
3 367,074
2 880,77
3 537,137
3 138,871
2 935,511
4 825,999
3 349,171
2 120,34
2 046,826
1 769,953
2 596,214
2 636,108
2 726,838
3 350,399
3 460,477
2 910,516
3 090,526
2 828,674
2 812,052
1 587,838
3 284,65
2 904,197
4 694,824
3 099,443
1 889,541
3 492,863
2 986,415
3 497,237
3 572,008
3 261,276
2 660,477
2 555,451
3 985,846
2 369,762
3 721,464
2 218,386
1 257,339
3 119,418
3 265,752
2 792,75
4 032,494
3 332,279
4 754,206
2 459,097
4 365,878
2 670,126
2 000,378
2 707,306
2 502,252
3 814,173
1 454,538
2 766,281
2 801,693
2 866,754
3 091,776
4 185,77
2 494,399
3 434,168
1 855,156
4 518,086
3 204,593
1 987,927
3 908,027
2 883,788
1 882,145
4 491,014
2 325,34
2 674,733
2 535,338
2 340,915
4 351,106
3 906,473
3 415,498
3 345,186
3 021,917
2 731,989
2 386,844
3 527,711
3 734,082
3 407,768
2 731,223
1 903,53
3 730,979
3 566,311
4 106,337
2 679,942
2 727,949
3 990,007
3 219,067
2 372,544
2 705,904
2 010,74
3 045,916
3 367,871
1 588,041
4 190,324
4 715,414
2 429,797
3 228,824
2 842,56
2 282,646
3 269,364
2 340,953
3 174,85
2 285,223
2 639,867
3 463,425
2 515,347
2 509,347
2 505,154
2 977,488
3 569,421
2 185,497
4 232,552
3 250,913
2 613,903
739,994
2 308,883
3 290,621
3 525,231
4 911,267
1 041,735
3 052,664
4 337,499
2 950,65
2 592,07
2 587,964
3 205,609
4 617,714
2 785,098
2 488,084
1 867,478
3 097,65
3 122,754
3 227,001
2 793,486
2 240,522
3 444,301
3 366,693
2 417,494
3 776,581
2 790,293
2 715,325
2 184,831
2 586,594
2 411,4
3 193,017
3 856,056
1 505,792
2 646,401
2 474,684
1 440,261
2 990,675
3 169,507
3 070,546
3 833,649
3 186,73
2 729,568
3 349,584
2 780,51
1 362,603
3 640,675
2 481,646
2 040,817
2 716,481
2 818,822
2 926,586
4 073,762
3 942,207
3 645,807
3 623,1
3 453,971
2 188,838
3 891,969
3 179,08
2 374,186
1 758,135
3 445,99
1 351,889
3 493,488
2 909,835
4 154,737
2 847,025
2 249,539
3 397,591
2 995,113
3 075,618
3 588,709
3 249,172
982,856
3 211,307
3 555,558
2 226,655
2 727,087
2 995,186
1 994,716
1 899,111
2 713,777
3 781,273
3 640,055
1 623,948
1 982,197
1 144,466
4 291,172
3 406,661
2 898,994
3 543,906
1 638,012
3 686,31
4 327,543
2 396,878
4 212,109
2 391,537
3 411,153
3 781,001
3 184,993
852,676
2 657,448
2 462,471
3 650,646
3 468,599
2 679,665
3 353,024
3 159,734
2 004,297
4 315,037
4 285,274
2 895,856
2 980,172
2 882,376
2 683,196
2 988,565
2 332,202
1 725,752
3 735,19
3 431,341
3 026,612
1 451,092
2 046,866
1 935,753
2 274,026
1 837,765
2 913,9
3 202,844
3 888,304
3 245,799
3 953,237
3 693,142
3 770,552
2 855,723
2 076,476
2 088,02
2 854,978
2 682,374
2 818,016
3 333,26
2 847,081
2 170,161
3 697,07
3 228,669
3 676,509
3 205,744
3 060,332
2 888,633
3 435,477
3 064,322
2 299,665
2 370,305
2 934,626
1 549,658
1 684,692
4 001,509
3 191,488
4 420,997
2 484,748
2 252,914
3 401,185
2 795,736
3 179,33
3 016,3
3 522,65
4 139,385
3 223,133
3 315,642
1 564,431
2 947,468
3 959,752
3 417,746
2 351,085
1 669,386
3 718,461
1 842,923
3 324,072
2 381,174
4 292,12
3 165,862
3 989,069
2 134,201
3 133,56
2 126,915
3 852,839
3 265,196
4 542,581
3 628,462
3 771,765
3 422,065
2 348,703
2 557,742
3 173,833
2 270,832
4 131,101
4 320,62
1 667,945
3 817,511
1 679,932
2 494,455
4 920,028
2 706,102
2 802,594
3 032,708
3 029,3
2 961,399
3 430,149
4 497,841
2 963,44
2 365,752
4 011,421
2 984,386
3 092,387
2 574,683
3 131,641
2 312,727
3 205,335
3 126,216
2 208,839
3 779,226
2 433,099
2 495,817
3 296,777
2 764,891
2 362,219
2 326,736
2 959,067
1 379,819
3 274,043
3 060,159
2 108,769
2 778,411
3 978,094
4 381,013
3 564,395
2 250,456
2 738,995
2 592,567
2 740,899
3 562,043
4 293,335
2 899,952
3 671,632
4 054,932
3 049,488
2 072,595
4 580,588
4 609,863
3 356,996
1 877,499
2 355,663
2 072,533
841,718
2 769,102
3 471,789
1 952,295
3 582,688
3 941,151
3 897,758
1 913,297
2 317,123
4 250,235
2 170,833
2 028,424
3 696,709
3 106,435
3 317,345
2 964,341
2 780,34
2 897,956
2 174,664
2 824,542
2 856,37
2 419,351
3 364,427
1 896,229
3 569,036
844,979
3 197,125
3 694,462
1 886,356
2 801,997
1 981,216
3 621,797
3 503,614
4 214,82
1 759,728
2 854,748
4 533,695
2 452,449
2 966,297
2 489,006
2 899,148
2 069,086
1 760,255
3 034,471
3 554,817
1 514,816
1 748,924
2 990,778
3 195,018
1 957,54
3 787,878
3 204,684
2 435,077
2 362,085
2 076,726
2 070,857
2 742,237
3 266,845
3 185,299
3 081,449
4 255,611
3 426,538
3 757,072
1 905,501
3 380,094
3 821,594
3 355,066
4 125,33
3 227,372
2 005,865
2 136,651
1 471,233
3 656,768
3 774,081
3 655,878
3 006,037
1 663,024
3 197,969
2 473,613
4 059,402
2 679,717
3 052,037
3 552,99
3 475,759
2 332
3 569,311
3 471,397
2 665,634
2 938,081
3 052,61
4 518,063
2 950,682
3 204,834
3 930,502
2 127,899
2 569,197
3 237,381
3 299,821
3 117,844
2 240,81
2 969,867
4 263,871
4 111,303
3 391,775
4 329,831
2 526,697
2 119,595
2 097,744
3 081,006
2 558,055
3 088,339
3 064,927
1 896,494
3 610,382
2 860,245
1 927,203
5 062,991
2 140,433
3 416,11
3 260,086
3 223,25
3 544,852
3 947,95
3 611,07
2 928,42
3 830,63
4 165,509
2 561,458
3 149,414
3 100,223
4 275,758
2 790,94
3 936,623
4 284,803
4 023,463
2 075,973
2 544,239
2 367,738
4 001,847
2 796,579
2 077,12
3 553,959
3 335,815
4 635,057
3 109,217
4 205,718
3 109,82
3 015,56
2 109,813
2 088,701
3 561,165
3 138,53
2 256,066
3 170,672
2 155,472
3 714,758
3 187,72
3 620,788
2 990,978
2 392,74
3 019,526
2 628,864
3 328,358
4 458,304
4 041,858
2 746,09
3 817,184
2 523,356
2 863,958
1 943,026
2 688,172
3 553,38
3 336,941
1 226,769
2 819,699
4 511,309
3 916,744
2 744,459
1 028,26
3 561,3
3 088,574
4 562,984
3 998,79
3 765,15
2 038,828
2 478,709
3 696,59
1 974,468
3 170,898
3 210,488
4 135,05
3 721,949
3 970,246
3 245,214
1 967,893
3 573,434
2 428,174
4 639,014
2 159,793
3 555,399
4 559,44
2 410,131
2 256,179
4 211,815
5 055,49
2 040,027
4 264,743
3 688,405
5 241,714
3 901,207
2 954,197
3 861,297
1 315,396
2 900,42
2 347,607
4 313,853
1 513,316
2 660,73
2 058,945
3 200,205
2 030,555
2 858,142
3 754,558
3 116,632
3 053,405
2 199,632
2 345,655
2 276,269
2 908,954
2 582,35
2 897,61
2 741,21
3 285,863
3 093,517
2 783,377
2 811,035
2 607,652
2 445,432
2 307,792
3 359,848
4 167,957
3 095,647
1 936,536
3 845,314
1 939,459
3 782,609
3 765,089
3 042,981
2 970,186
1 565,096
2 863,865
3 514,912
5 093,919
1 774,532
3 327,508
2 679,29
3 029,802
3 330,957
1 688,183
2 794,146
2 798,719
3 049,095
3 018,076
3 893,93
4 870,141
3 101,867
3 616,088
1 796,031
1 954,296
2 535,815
4 680,983
3 728,853
2 520,006
1 689,718
2 684,843
3 270,053
3 403,251
2 863,058
1 469,292
3 242,131
3 646,905
3 199,027
3 717,882
3 055,947
2 148,5
3 497,35
2 785,224
3 608,435
2 187,759
3 324,478
3 492,711
3 275,664
3 645,754
3 121,999
3 555,903
2 672,864
2 942,184
2 842,736
2 763,968
1 594,277
3 237,335
3 143,677
3 251,857
2 300,237
2 188,227
1 627,132
2 394,52
2 031,105
3 468,322
2 917,417
1 359,552
3 511,639
3 458,517
2 929,259
2 754,972
4 002,093
1 511,8
3 443,062
2 538,173
3 929,078
2 987,744
3 190,709
5 078,933
2 557,901
3 356,855
3 376,624
3 365,155
3 503,51
2 380,734
3 277,454
3 943,863
1 649,038
3 084,582
3 113,426
3 462,392
2 855,118
2 514,311
